[
    {
        "coords.x": 761.7018432617188,
        "coords.y": 185.79051208496094,
        "scale.x": 1.0,
        "scale.y": 1.0,
        "type": 0
    },
    {
        "coords.x": 1199.550537109375,
        "coords.y": 537.8120727539063,
        "scale.x": 1.0,
        "scale.y": 1.0,
        "type": 1
    }
]